67
67
67
67
19
19
20
19
19
64
67
67
67
67
67
20
19
21
21
23
23
64
68
23
67
64
68
34
37
39
42
42
46
52
43
40
40
40
34
32
30
29
63
24
25
22
21
21
22
21
18
18
16
15
15
11
10
9
9
10
8
6
6
5
5
5
4
4
6
6
6
8
8
9
11
12
13
14
14
15
16
21
20
20
21
24
24
24
23
23
29
29
30
32
33
34
35
35
37
40
39
40
42
42
44
45
51
47
66
51
48
48
49
56
50
51
50
48
48
51
50
44
42
45
38
37
35
33
31
32
28
27
23
24
25
22
20
18
17
16
15
13
13
12
10
8
8
8
7
8
6
5
5
5
216
6
5
6
6
7
8
10
10
12
13
13
14
15
15
19
20
23
20
22
24
24
26
27
29
31
30
33
33
34
35
36
37
38
41
41
41
43
44
45
49
51
53
57
52
55
52
54
63
63
63
67
63
67
22
67
67
67
67
21
66
67
21
22
23
67
67
67
26
25
68
68
20
68
23
19
63
63
22
22
18
21
20
22
68
68
68
25
26
68
21
68
15
20
68
